-158.156667	56.845000	1.680000	0.170000
-158.077000	56.891667	5.700000	-0.090000
-158.018000	56.926333	3.160000	0.010000
-158.025000	56.924000	1.070000	-0.720000
-158.071000	56.838500	4.060000	0.500000
-158.029833	56.899000	3.310000	0.520000
-158.089167	56.917167	3.890000	-0.540000
-158.059000	56.910667	1.870000	-0.670000
-158.001667	56.927500	5.580000	0.070000
-158.073000	56.879167	2.670000	0.020000
-158.095667	56.869167	3.960000	0.360000
-158.152833	56.854167	5.130000	-0.030000
-158.143833	56.862833	2.030000	-0.350000
-158.061833	56.907500	-3.200000	0.240000
-158.048500	56.889667	2.030000	-0.080000
-158.069167	56.871667	3.190000	0.890000
-158.061500	56.863000	4.710000	0.320000
-158.080500	56.865833	5.380000	0.380000
-158.140333	56.886000	7.480000	-0.570000
-158.036333	56.867500	4.850000	0.360000
-158.072833	56.901500	5.000000	0.430000
-158.087167	56.900500	5.050000	0.450000
-158.075333	56.906333	5.570000	-0.030000
-158.072833	56.904167	3.190000	2.830000
-158.082833	56.870167	4.040000	-0.290000
-158.078167	56.910667	4.020000	1.090000
-158.047167	56.875000	4.500000	0.310000
-158.077667	56.877333	4.420000	0.290000
-158.062167	56.856167	4.690000	-0.690000
-157.492000	57.025000	3.840000	1.980000
-158.055167	56.874833	5.150000	-0.500000
-158.066833	56.912667	5.020000	-0.500000
-158.144833	56.854000	3.040000	-0.180000
-158.074167	56.904000	1.390000	-0.250000
-158.007500	56.916333	4.780000	-0.510000
-158.115333	56.848167	5.160000	-0.780000
-158.116667	56.901833	5.620000	-0.250000
-158.143500	56.859667	1.890000	-0.710000
-158.162667	56.850667	17.160000	-0.670000
-158.120000	56.843000	15.940000	-0.300000
-158.171333	56.849500	13.470000	-0.350000
-158.100500	56.955333	6.510000	-0.530000
-158.055500	56.924500	4.830000	-0.840000
-158.049667	56.909167	-3.030000	-0.710000
-158.047167	56.906500	4.480000	-0.570000
-158.120000	56.863833	5.090000	-0.370000
-158.161000	56.863000	4.000000	-1.060000
-158.138167	56.868833	4.160000	-0.700000
-158.084667	56.856667	4.850000	-0.180000
-158.125167	56.850167	2.660000	0.140000
-158.042167	56.888167	0.540000	0.620000
-158.267000	56.836000	8.900000	0.770000
-158.060333	56.898667	3.200000	0.820000
-158.100000	56.918333	4.440000	0.440000
-158.079333	56.858500	2.330000	-0.110000
-158.216667	56.916833	8.050000	-0.130000
-158.096833	56.871167	8.530000	-0.370000
-158.102000	56.856000	4.420000	-0.110000
-158.124833	56.854833	5.070000	-0.010000
-158.075500	56.893667	4.580000	-0.260000
-158.180833	56.862500	4.800000	0.050000
-158.079667	56.866833	5.090000	0.220000
-158.149667	56.860333	2.830000	0.270000
-158.010000	56.917500	-1.490000	0.340000
-158.084000	56.861667	7.380000	2.990000
-158.055333	56.873167	2.610000	0.070000
-158.345833	56.792167	13.190000	1.050000
-158.021833	56.899333	-1.940000	0.360000
-158.110833	56.840000	9.910000	-0.730000
-158.138000	56.867667	7.470000	0.570000
-158.060167	56.812000	7.110000	0.200000
-158.085167	56.869333	5.490000	0.220000
-158.122667	56.868000	4.720000	-0.150000
-158.414333	56.727000	3.640000	0.440000
-158.054667	56.826000	5.610000	-0.260000
-158.099833	56.843667	5.970000	-0.510000
-158.031000	56.941167	3.990000	-0.590000
-158.120833	56.850833	4.500000	0.970000
-158.025167	56.923500	-1.930000	1.380000
-158.016333	56.927167	1.570000	1.120000
-158.305667	56.848000	3.590000	1.110000
-158.060500	56.812833	-3.160000	1.610000
-158.062833	56.924167	-3.200000	1.080000
-158.085667	56.913833	-1.100000	1.490000
-158.113833	56.889000	-3.180000	1.850000
-158.105667	56.912500	-3.200000	1.750000
-158.095167	56.896833	-3.200000	3.110000
-158.021667	56.943000	2.060000	1.950000
-158.201833	56.896500	-1.350000	1.890000
-158.063667	56.902333	-0.300000	2.530000
-158.047833	56.837500	-3.200000	2.330000
-158.017833	56.911500	-3.200000	1.420000
-158.072167	56.905500	-3.200000	1.520000
-158.176833	56.873167	-3.180000	0.900000
-158.058167	56.911333	-2.530000	1.570000
-158.069500	56.902500	-3.200000	2.800000
-158.112333	56.888167	-1.170000	1.570000
-158.089167	56.896167	-3.200000	1.280000
-158.064667	56.860167	-1.320000	1.800000
-158.165167	56.896000	-3.200000	1.700000
-158.032833	56.824667	-2.640000	3.080000
-158.133833	56.850167	-0.800000	2.270000
-158.108500	56.848667	0.070000	1.310000
-158.091833	56.908500	-1.560000	2.790000
-158.176833	56.914000	1.300000	1.240000
-158.318667	57.059833	-3.200000	0.960000
-158.122333	56.875167	-2.410000	1.080000
-158.328833	57.024333	-3.200000	0.820000
-158.008500	56.874167	-3.200000	2.620000
-158.115000	56.872833	-1.710000	1.250000
-158.037833	56.844000	-3.200000	1.580000
-158.044500	56.854000	-3.200000	1.240000
-158.106833	56.917833	-3.200000	1.310000
-158.087333	56.906333	-3.200000	2.340000
-158.077667	56.904833	-1.780000	1.790000
-158.047167	56.874333	-2.190000	1.460000
-158.033833	56.899667	-3.200000	1.750000
-158.187833	56.869667	-3.200000	1.670000
-158.172000	56.876667	3.810000	1.580000
-158.093667	56.906333	-3.200000	2.150000
-158.108000	56.890333	0.050000	0.670000
-158.068667	56.886167	-0.150000	1.020000
-158.009833	56.859667	-3.190000	0.440000
-158.066333	56.866833	-2.400000	1.230000
-158.042333	56.908333	-0.340000	1.280000
-158.089833	56.906333	-3.200000	0.920000
-158.119667	56.887667	-3.200000	0.710000
-158.004500	56.829500	8.010000	2.050000
-158.079000	56.899333	-3.200000	1.160000
-158.044500	56.859667	1.720000	1.720000
-158.033667	56.854667	7.510000	2.550000
-158.110833	56.861833	2.580000	1.270000
-158.095333	56.902667	-3.190000	1.800000
-158.136500	56.862000	-3.170000	0.560000
-158.200667	56.856167	-2.500000	0.830000
-158.067667	56.916000	-3.170000	1.150000
-158.124167	56.873167	1.670000	1.530000
-158.152000	56.905333	-3.200000	3.300000
-158.125167	56.919500	-3.200000	1.730000
-158.102833	56.863000	-3.200000	0.540000
-158.194000	56.873833	-3.200000	0.980000
-158.102167	56.888333	-3.190000	0.630000
-158.071333	56.898167	-3.180000	2.180000
-158.026167	56.847167	-3.200000	1.960000
-158.062000	56.857500	1.940000	1.740000
-158.052333	56.854167	2.290000	1.730000
-158.125333	56.914000	-3.200000	0.900000
-158.123833	56.901500	-3.180000	2.640000
-158.089333	56.908167	-3.200000	1.470000
-158.144667	56.896833	-3.200000	0.630000
-158.194833	56.879167	-3.170000	0.800000
-158.057500	56.850000	8.380000	2.640000
-158.080333	56.911333	-3.200000	1.500000
-158.155000	56.901167	-3.200000	1.740000
-158.097667	56.909000	-3.200000	1.550000
-158.085000	56.907833	-3.200000	0.920000
-158.110333	56.885667	-2.910000	1.660000
-158.023167	56.849833	1.020000	1.560000
-158.148500	56.857833	-3.200000	0.840000
-158.143333	56.874000	-2.450000	0.400000
-158.111667	56.916500	-3.200000	1.050000
-158.096167	56.910667	-3.200000	1.380000
-158.088000	56.907833	-3.200000	1.440000
-158.208667	56.871167	-1.400000	0.800000
-158.104500	56.900167	-3.170000	1.030000
-158.135500	56.854167	4.310000	0.460000
-158.211500	56.874167	-3.200000	1.360000
-158.152000	56.905833	-3.170000	2.020000
-158.074500	56.899833	-3.200000	1.350000
-158.112833	56.899833	-3.200000	0.920000
-158.116000	56.901667	-3.170000	1.380000
-158.051833	56.873667	-3.200000	1.170000
-158.093833	56.906667	-3.200000	1.330000
-158.089500	56.857500	-3.200000	0.920000
-158.074000	56.891833	-3.200000	1.420000
-158.181000	56.881667	5.630000	2.530000
-158.064833	56.857167	1.690000	0.380000
-158.058333	56.854167	1.850000	0.450000
-158.124333	56.870833	-3.160000	1.040000
-158.081667	56.904333	-3.200000	1.360000
-158.175000	56.872000	-1.770000	1.240000
-158.205667	56.875167	-3.020000	2.150000
-158.016667	56.931333	1.470000	1.130000
-158.098333	56.917167	5.170000	0.900000
-158.065667	56.909833	4.340000	0.580000
-158.051333	56.923000	3.130000	1.250000
-158.050000	56.915667	3.320000	1.850000
-158.181167	56.864500	1.550000	2.000000
-158.037667	56.911833	-1.150000	0.980000
-158.010667	56.916000	-0.100000	2.260000
-158.025500	56.912000	-0.140000	2.200000
-158.058667	56.942000	5.040000	0.830000
-158.045667	56.925833	4.040000	1.770000
-158.206000	56.895667	10.130000	0.740000
-158.048167	56.905167	1.770000	1.210000
-158.037000	56.915667	-0.700000	1.140000
-158.008333	56.922333	-0.100000	1.400000
-158.033000	56.924833	1.670000	1.230000
-158.184000	56.902333	6.190000	1.120000
-158.087000	56.914167	6.760000	0.490000
-158.008333	56.905333	-0.910000	2.330000
-158.020167	56.850000	-2.800000	1.910000
-158.021500	56.850167	-3.200000	1.930000
-158.063167	56.905333	2.630000	0.980000
-158.205167	56.875500	1.970000	1.770000
-158.039833	56.920333	3.710000	0.050000
-158.182833	56.876167	1.160000	0.490000
-158.079333	56.909000	3.000000	0.100000
-157.991000	56.870000	-0.780000	1.020000
-158.112333	56.881167	-3.200000	1.210000
-158.058667	56.905500	1.470000	0.460000
-158.192667	56.867667	3.770000	0.120000
-158.056167	56.919333	3.370000	0.590000
-158.182500	56.863667	4.770000	0.400000
-158.154500	56.860500	0.210000	0.940000
-158.040000	56.906500	1.230000	0.210000
-157.992000	56.920833	-0.500000	2.230000
-158.060500	56.912167	-3.190000	2.740000
-158.073333	56.913333	3.450000	0.040000
-158.068167	56.913333	-3.080000	0.270000
-158.030333	56.919833	3.300000	0.370000
-158.190500	56.863000	0.210000	0.910000
-158.039333	56.933500	3.620000	0.140000
-158.174833	56.870167	3.790000	0.150000
-158.066500	56.909333	2.820000	0.230000
-158.051833	56.913167	4.040000	0.490000
-158.046167	56.909500	-2.900000	2.030000
-158.018833	56.907667	-0.790000	2.010000
-158.028833	56.927833	1.720000	0.510000
-158.015333	56.912500	-2.410000	1.170000
-158.182500	56.876333	2.950000	0.340000
-158.063167	56.904833	2.420000	0.770000
-158.069167	56.905167	2.020000	-0.030000
-158.128167	56.911333	4.560000	0.380000
-157.999500	56.919000	-2.960000	0.380000
-158.121167	56.871167	-3.170000	1.420000
-158.057500	56.909167	3.350000	0.910000
-158.017833	56.914000	-2.480000	0.930000
-158.044833	56.843500	-0.400000	0.820000
-158.190333	56.867000	-1.480000	0.160000
-158.053000	56.906000	2.580000	0.610000
-158.197667	56.887500	-3.190000	0.780000
-158.183167	56.869500	2.590000	0.980000
-158.197833	56.873333	3.100000	0.450000
-157.983000	56.882333	3.940000	0.210000
-158.139000	56.879500	2.860000	0.390000
-158.073833	56.919333	5.690000	1.370000
-158.058500	56.901833	1.600000	0.950000
-158.143833	56.904167	-3.200000	1.670000
-158.107000	56.863667	-3.200000	0.540000
-158.210667	56.873500	-3.180000	2.020000
-158.124333	56.901167	-3.200000	1.750000
-158.089000	56.917833	-3.180000	1.610000
-158.116167	56.900333	-3.160000	2.580000
-158.090167	56.906167	-3.200000	1.140000
-158.084000	56.849000	-0.520000	0.370000
-158.093833	56.904333	-3.200000	1.890000
-158.059167	56.857667	-3.200000	0.500000
-158.184833	56.871333	-3.110000	0.750000
-158.091333	56.911833	0.960000	1.960000
-158.114333	56.903667	-3.200000	1.770000
-158.124667	56.905833	-3.200000	1.410000
-158.106500	56.914333	-3.190000	0.720000
-158.082000	56.910667	-3.180000	1.030000
-158.020667	56.843000	-3.180000	0.260000
-158.084667	56.911333	-3.180000	0.990000
-158.083167	56.907333	-3.180000	0.840000
-158.174333	56.889167	-3.160000	0.700000
-158.063000	56.855500	-3.200000	0.770000
-158.036333	56.856333	6.250000	3.050000
-158.129000	56.900333	-3.200000	2.330000
-158.118833	56.910667	-3.150000	1.150000
-158.137667	56.875667	-3.170000	1.170000
-158.159000	56.870000	-3.150000	1.580000
-158.106333	56.868667	-3.180000	1.140000
-158.042833	56.908167	-3.200000	1.160000
-158.083833	56.924500	-1.120000	1.090000
-158.149667	56.869000	-2.530000	1.110000
-157.998667	56.837500	-3.150000	1.350000
-158.070667	56.915500	-3.200000	1.380000
-158.161333	56.898500	-3.170000	1.200000
-158.155833	56.898000	-3.150000	1.720000
-158.184333	56.872667	-2.090000	0.990000
-158.087667	56.909333	-3.170000	1.080000
-158.111000	56.902000	-3.170000	2.610000
-158.105333	56.894000	-3.200000	1.940000
-158.070000	56.912000	2.940000	2.660000
-158.052500	56.878833	1.650000	1.830000
-158.164667	56.852500	10.050000	0.440000
-158.039167	56.923667	4.560000	-0.220000
-158.029167	56.922667	1.680000	0.880000
-158.155833	56.891833	2.980000	-0.500000
-158.209667	56.870167	4.540000	2.160000
-158.053667	56.908000	-2.800000	0.400000
-158.085500	56.909000	-3.180000	1.220000
-158.069000	56.909833	3.410000	0.100000
-158.085833	56.916333	4.930000	0.370000
-158.038333	56.918667	3.170000	-0.230000
-158.188333	56.874167	1.050000	0.150000
-158.053167	56.914333	3.320000	0.600000
-158.200000	56.874333	4.090000	0.190000
-158.238167	56.874333	5.200000	-0.330000
-158.184833	56.865000	2.340000	0.560000
-158.234167	56.873333	3.150000	-0.310000
-158.092167	56.910333	4.080000	-0.660000
-158.067000	56.924667	6.010000	0.180000
-158.041333	56.906167	-1.700000	0.590000
-158.201667	56.868167	-2.730000	0.190000
-158.042500	56.913500	2.930000	0.070000
-158.082167	56.906000	2.760000	1.800000
-158.068000	56.912000	3.840000	0.270000
-158.036833	56.912333	2.630000	0.270000
-158.079667	56.908667	3.100000	-0.090000
-158.071167	56.907000	2.930000	0.440000
-158.188000	56.874500	2.800000	0.500000
-158.042000	56.910833	2.730000	-0.030000
-158.215000	56.856333	2.510000	0.710000
-158.200333	56.874000	1.320000	1.120000
-158.054500	56.910167	1.690000	0.440000
-158.225167	56.853667	0.880000	1.040000
-158.080833	56.920833	4.620000	1.020000
-158.059667	56.920000	4.730000	1.020000
-158.074833	56.914500	4.220000	0.500000
-158.067167	56.908833	2.560000	0.620000
-158.046167	56.911167	3.500000	0.950000
-158.117500	56.901833	1.340000	0.750000
-158.057500	56.905167	2.280000	0.890000
-158.198000	56.869000	-2.820000	1.240000
-158.147667	56.887500	1.000000	0.020000
-158.033833	56.910833	2.340000	0.320000
-158.049500	56.886333	0.300000	1.060000
-158.190167	56.870833	-3.120000	1.050000
-158.042167	56.909167	1.350000	0.490000
-158.057500	56.892667	2.540000	0.820000
-158.213833	56.858000	0.950000	0.750000
-158.182500	56.852667	1.760000	0.150000
-158.147833	56.865833	2.110000	1.200000
-158.105167	56.838833	6.500000	0.710000
-158.119667	56.864167	2.570000	1.170000
-157.997667	56.907167	0.150000	1.880000
-158.042667	56.914000	1.710000	0.880000
-158.099667	56.852833	5.590000	0.400000
-158.185667	56.870167	2.740000	1.090000
-158.230833	56.870000	2.950000	-0.480000
-158.044000	56.928500	5.780000	0.740000
-158.047667	56.911500	2.970000	0.780000
-158.141333	56.877333	0.960000	0.350000
-158.193500	56.876000	1.860000	1.630000
-158.035500	56.907000	2.170000	1.690000
-158.121500	56.864833	0.890000	1.020000
-158.176667	56.877167	3.300000	0.790000
-158.006833	56.918000	-2.100000	2.300000
-158.007000	56.922167	-1.760000	1.270000
-158.059333	56.884833	4.410000	1.400000
-158.049333	56.914500	4.050000	2.150000
-158.201500	56.868333	2.380000	1.200000
-158.066333	56.902500	1.220000	1.140000
-158.232833	56.872167	1.310000	1.220000
-158.180500	56.872333	3.200000	1.170000
-158.258000	56.863833	1.620000	1.380000
-158.070000	56.906667	2.680000	0.690000
-158.172833	56.872500	2.720000	0.760000
-158.145667	56.874667	5.430000	-0.410000
-158.214333	56.873333	4.760000	-0.170000
-158.017333	56.914167	-2.350000	0.040000
-158.035833	56.914833	1.990000	0.330000
-158.056000	56.911667	2.180000	-0.380000
-158.048667	56.913833	3.130000	3.130000
-158.146833	56.871833	5.410000	-0.540000
-158.149500	56.882167	6.820000	0.240000
-158.051167	56.881000	2.480000	0.550000
-158.091167	56.890333	-3.200000	1.520000
-158.114167	56.907500	1.520000	-0.560000
-158.014000	56.905000	4.030000	0.800000
-158.050667	56.909500	2.600000	0.850000
-157.996000	56.903833	3.900000	0.810000
-158.191667	56.900167	5.540000	0.400000
-158.181333	56.886667	3.350000	2.390000
-158.073500	56.909167	4.010000	0.260000
-158.029833	56.915833	2.050000	1.010000
-158.035000	56.913333	2.370000	1.050000
-158.066000	56.903833	-3.110000	1.760000
-158.159833	56.883333	2.730000	1.770000
-158.593333	56.606833	5.670000	1.130000
-158.068167	56.913833	3.400000	0.280000
-158.044500	56.914333	3.120000	0.280000
-158.048667	56.895000	1.640000	0.870000
-158.172167	56.877333	5.070000	-0.190000
-158.229667	56.866500	1.860000	0.050000
-158.069667	56.904500	1.160000	1.200000
-158.056167	56.904000	1.140000	1.120000
-158.068333	56.904333	2.110000	0.680000
-158.049000	56.916667	3.530000	1.440000
-158.036167	56.911833	-1.600000	2.550000
-158.151667	56.876333	1.900000	1.380000
-158.136833	56.887500	5.230000	0.990000
-158.064333	56.909167	-2.050000	0.360000
-158.072500	56.903000	1.710000	0.630000
-158.017500	56.910667	-3.180000	2.430000
-158.145667	56.947333	8.290000	0.270000
-158.047500	56.914833	3.250000	0.370000
-158.199000	56.870333	4.700000	0.770000
-158.037833	56.891500	2.260000	0.250000
-158.104833	56.879167	2.230000	-0.890000
-158.068667	56.906667	2.870000	0.320000
-158.129333	56.858167	4.730000	-0.240000
-158.216833	56.869167	4.120000	0.280000
-158.068833	56.908833	-3.170000	1.030000
-158.201333	56.863667	2.170000	1.130000
-158.225833	56.869500	2.920000	-0.060000
-158.161167	56.887000	6.620000	-0.250000
-158.195000	56.872333	2.370000	0.910000
-158.059500	56.917167	3.750000	0.510000
-158.201167	56.845833	2.100000	0.440000
-158.074667	56.915500	3.940000	0.480000
-158.139333	56.868833	6.500000	-0.820000
-158.045000	56.911500	1.150000	0.260000
-158.151667	56.889667	5.390000	0.910000
-158.079500	56.904667	2.330000	0.940000
-158.197500	56.872833	3.740000	0.130000
-158.053500	56.907667	2.420000	0.820000
-158.048333	56.906667	-2.230000	0.820000
-158.138167	56.876667	3.420000	0.870000
-158.190667	56.873333	2.480000	0.950000
-158.237333	56.866833	3.870000	0.420000
-158.029833	56.917833	1.690000	0.960000
-158.191000	56.866333	2.120000	0.900000
-158.114833	56.866333	4.780000	0.780000
-158.119167	56.861500	1.690000	1.030000
-158.176167	56.852000	5.610000	0.590000
-158.242667	56.876000	2.700000	0.520000
-158.147833	56.859333	4.490000	0.970000
-158.173833	56.852667	4.430000	1.090000
-158.005333	56.925500	-3.200000	2.950000
-157.989833	56.916000	4.300000	1.350000
-158.017500	56.909667	-2.040000	0.930000
-158.194500	56.873833	2.000000	0.890000
-157.996000	56.923167	-2.050000	0.200000
-158.005333	56.917167	-2.020000	0.850000
-158.033500	56.898333	3.040000	0.860000
-158.011500	56.913333	-2.190000	1.600000
-158.177000	56.909000	5.560000	0.710000
-158.041167	56.904667	-3.200000	1.740000
-158.184833	56.864500	1.920000	1.440000
-158.030500	56.855500	8.640000	0.860000
-158.019333	56.918667	3.310000	0.790000
-158.121333	56.863333	2.650000	1.430000
-158.062167	56.915167	3.190000	1.160000
-158.037000	56.894167	3.260000	0.950000
-158.008833	56.913500	-2.100000	1.750000
-158.002833	56.910833	-0.330000	2.050000
-158.013000	56.920667	-2.740000	1.740000
-158.029167	56.907667	0.850000	1.470000
-158.031667	56.908000	-1.400000	1.210000
-158.032000	56.913167	3.950000	1.160000
-158.067000	56.924167	6.080000	1.080000
-158.020833	56.916333	1.920000	0.920000
-158.190500	56.858833	3.390000	0.310000
-158.194667	56.872000	2.310000	-0.150000
-158.143833	56.863500	0.590000	0.380000
-158.140833	56.907500	6.500000	1.680000
-158.184833	56.858667	4.200000	0.320000
-158.013833	56.921000	2.310000	1.140000
-158.033833	56.921167	-3.160000	1.500000
-158.000667	56.900500	-3.130000	-0.160000
-158.017167	56.917000	2.920000	2.640000
-158.019000	56.927833	4.470000	0.890000
-158.012667	56.935000	2.430000	0.350000
-157.915833	56.835333	19.030000	0.500000
-158.023333	56.924833	1.900000	0.100000
-158.005000	56.926167	-2.540000	1.070000
-158.005000	56.914833	-1.030000	1.140000
-158.013167	56.910833	1.460000	-0.040000
-158.173667	56.883167	4.800000	1.480000
-158.033667	56.914333	-1.970000	0.110000
-158.073500	56.909500	3.030000	-0.600000
-158.058333	56.909333	2.770000	0.790000
-158.065667	56.907500	0.760000	-0.450000
-158.073000	56.909500	2.520000	-0.030000
-158.052167	56.913500	4.000000	0.600000
-158.151333	56.851833	3.450000	0.590000
-158.040333	56.893000	3.990000	0.060000
-158.155167	56.887167	9.030000	-0.600000
-158.156333	56.889167	5.400000	-0.110000
-158.090167	56.909000	3.130000	0.720000
-158.168000	56.876667	2.430000	1.060000
-158.185500	56.862833	0.630000	0.870000
-158.054333	56.912833	3.000000	0.770000
-158.036667	56.916667	-2.140000	1.410000
-158.044833	56.910667	3.240000	-0.100000
-158.034000	56.923333	2.550000	-0.600000
-158.072000	56.919500	4.120000	-0.390000
-158.048000	56.914333	3.090000	0.790000
-158.108333	56.879000	6.370000	-0.230000
-158.055500	56.916000	1.990000	0.770000
-158.044667	56.902000	-1.460000	0.650000
-158.023833	56.909333	-2.220000	1.990000
-158.014167	56.922667	-3.130000	1.910000
-158.144333	56.858667	4.250000	-0.090000
-158.198833	56.849000	2.330000	0.270000
-158.078500	56.901167	4.000000	0.340000
-158.075167	56.912500	3.920000	0.340000
-157.849833	56.889667	18.170000	0.510000
-158.001167	56.916000	-1.350000	0.360000
-158.140333	56.891667	5.200000	-0.130000
-158.188500	56.865167	-1.230000	0.510000
-158.128833	56.866000	2.020000	1.300000
-157.989833	56.921667	4.750000	0.040000
-158.042167	56.894000	3.640000	0.250000
-158.078167	56.910500	3.350000	-0.180000
-158.026000	56.917667	-3.110000	0.720000
-157.900667	56.980000	13.200000	0.240000
-158.017833	56.918500	-3.140000	0.860000
-158.203667	56.873667	3.470000	0.020000
-158.018500	56.920500	1.140000	-0.330000
-158.069000	56.910833	3.480000	0.030000
-158.013167	56.904333	-2.450000	0.350000
-158.012833	56.935833	5.020000	0.190000
-158.013667	56.916000	-2.590000	-0.260000
-158.118000	56.863833	7.540000	-0.460000
-158.118167	56.869667	3.290000	-0.230000
-158.025000	56.929500	4.250000	0.510000
-158.017167	56.917167	-2.720000	0.530000
-158.057833	56.916333	4.280000	0.060000
-158.021833	56.912667	-2.490000	0.450000
-158.009000	56.912000	-2.480000	0.790000
-158.079333	56.910000	3.240000	1.320000
-158.045833	56.913667	-3.180000	1.130000
-158.044167	56.909667	-2.720000	0.850000
-158.029500	56.913667	-3.060000	1.050000
-158.026667	56.913167	0.560000	-0.230000
-158.197333	56.863500	5.130000	0.070000
-158.167333	56.878500	2.430000	1.760000
-158.037833	56.908167	1.120000	0.340000
-158.059333	56.907000	2.920000	-0.260000
-158.097333	56.871333	4.880000	0.270000
-158.006833	56.923667	-2.450000	1.440000
-158.177500	56.880500	3.160000	1.020000
-158.172000	56.873500	2.140000	0.450000
-158.076167	56.920000	4.620000	0.810000
-158.005000	56.917833	-1.030000	1.740000
-158.095667	56.882667	4.860000	3.260000
-158.099167	56.884500	5.220000	0.200000
-158.147167	56.953333	6.800000	0.540000
-158.083000	56.919667	5.850000	0.720000
-158.038667	56.857667	6.690000	2.660000
-158.051833	56.896500	5.500000	2.020000
-158.159000	56.866000	6.250000	0.100000
-158.171333	56.864500	2.550000	0.930000
-158.069833	56.907500	-0.420000	1.280000
-158.081000	56.911333	-3.200000	2.040000
-158.070833	56.909500	4.610000	-0.200000
-158.000833	56.907167	-2.780000	1.180000
-158.200000	56.875833	3.040000	-0.410000
-158.202833	56.879667	3.080000	0.130000
-158.006833	56.926000	1.710000	0.090000
-158.024500	56.924667	4.000000	-0.270000
-158.028667	56.918500	2.430000	-0.020000
-158.138667	56.931667	5.210000	0.410000
-158.014667	56.911667	1.950000	0.200000
-158.035167	56.909500	2.720000	-0.420000
-158.094667	56.907667	4.180000	-0.520000
-158.027500	56.912000	0.960000	0.230000
-158.184000	56.854833	1.530000	0.420000
-158.168500	56.870000	3.100000	0.320000
-158.165333	56.861167	2.470000	0.290000
-158.014333	56.897333	0.820000	0.860000
-158.188833	56.873667	2.060000	0.470000
-158.194667	56.867000	1.330000	0.640000
-158.053667	56.916667	3.640000	1.270000
-157.976333	56.914833	4.760000	1.010000
-158.203333	56.857333	1.640000	1.160000
-158.211667	56.862833	0.630000	0.100000
-158.027333	56.916667	1.000000	0.300000
-158.050000	56.911667	1.910000	0.880000
-158.067667	56.912000	2.420000	-0.590000
-158.037833	56.914333	0.890000	0.240000
-158.168667	56.887500	5.020000	-0.340000
-158.016833	56.923500	2.450000	0.240000
-158.027000	56.919333	-2.730000	0.900000
-158.066000	56.919833	4.390000	0.470000
-158.015833	56.885167	-0.910000	0.700000
-158.059000	56.914833	3.670000	1.150000
-158.072833	56.918333	3.200000	-0.650000
-157.998667	56.923167	-2.010000	0.820000
-158.096333	56.893833	5.520000	-0.320000
-158.044333	56.914833	2.370000	-0.190000
-158.131500	56.866000	2.020000	1.100000
-158.064000	56.912333	2.090000	-0.040000
-158.173833	56.855500	0.300000	0.160000
-158.038167	56.912167	0.860000	-0.130000
-158.016667	56.877500	-0.910000	0.810000
-158.073833	56.883167	1.150000	0.290000
-158.038500	56.912667	3.010000	0.260000
-158.189833	56.866333	4.090000	-0.560000
-158.006833	56.922500	-2.270000	0.340000
-157.996667	56.909000	-1.520000	1.280000
-158.018333	56.913167	-2.120000	1.080000
-158.163667	56.871500	3.210000	0.940000
-158.063833	56.913667	3.440000	0.560000
-158.038000	56.907833	2.130000	0.700000
-158.208333	56.876500	3.920000	0.740000
-158.008667	56.904000	-2.030000	0.960000
-158.217500	56.852500	-0.020000	0.980000
-158.102667	56.890167	3.850000	1.100000
-158.200000	56.874833	3.100000	0.290000
-158.023000	56.931500	4.120000	0.540000
-158.014000	56.845000	6.460000	1.870000
-158.198667	56.873000	-2.620000	0.670000
-158.185333	56.887833	-3.160000	1.010000
-158.004833	56.903167	-2.180000	0.580000
-158.027667	56.912333	-1.380000	-0.110000
-158.025333	56.908667	2.880000	0.070000
-158.035833	56.913500	1.090000	-0.210000
-158.164000	56.891000	8.190000	-0.290000
-158.175500	56.852000	3.130000	0.280000
-158.055167	56.895333	3.200000	-0.250000
-158.182500	56.874167	1.930000	0.190000
-158.176167	56.862667	4.130000	1.090000
-158.038333	56.908500	2.160000	0.500000
-158.167833	56.877500	3.280000	-0.320000
-158.058000	56.921667	5.390000	0.170000
-158.193833	56.870333	3.420000	0.050000
-158.184667	56.846167	3.270000	0.420000
-158.089000	56.909333	2.320000	0.400000
-157.855167	56.822833	17.040000	1.270000
-158.043000	56.849167	12.330000	0.280000
-158.202833	56.864833	2.230000	0.810000
-158.232500	56.862667	0.250000	-0.020000
-158.090167	56.938500	6.750000	-0.590000
-158.065167	56.917167	4.820000	0.880000
-158.026000	56.919833	2.720000	-0.080000
-158.181167	56.878167	2.990000	0.430000
-158.028833	56.899167	2.800000	0.680000
-161.600500	55.512167	13.110000	0.530000
-154.283340	57.467999	25.320000	2.200000
-155.936172	57.753166	6.450000	2.200000
-155.836670	57.736668	-3.130000	1.610000
-155.891159	57.743000	3.200000	2.100000
-155.423172	57.193832	-3.140000	2.000000
-155.247833	57.255833	-2.760000	1.860000
-155.372498	57.188999	1.760000	4.220000
-155.919667	57.750667	4.300000	1.030000
-155.927333	57.773167	7.660000	0.950000
-155.945000	57.773333	2.460000	0.850000
-155.929500	57.758333	5.890000	0.740000
-155.921167	57.746833	4.850000	0.910000
-155.905833	57.755500	8.910000	1.110000
-155.870000	57.627000	10.660000	0.680000
-156.440333	57.411500	6.950000	1.130000
-155.928667	57.772333	5.980000	0.640000
-155.960500	57.767833	7.570000	0.350000
-155.946000	57.739833	12.910000	0.620000
-155.896000	57.753167	8.470000	1.100000
-155.941333	57.753833	4.880000	0.880000
-155.860167	57.710500	9.990000	0.980000
-156.371000	57.599000	8.240000	1.010000
-155.917667	57.751333	1.240000	1.420000
-155.944333	57.768333	0.580000	1.010000
-155.889833	57.725667	-3.200000	0.930000
-155.932000	57.749167	7.620000	1.210000
-155.949500	57.773667	11.540000	2.660000
-155.904000	57.751667	7.770000	2.060000
-155.891833	57.730000	5.990000	1.230000
-155.923000	57.755833	3.180000	1.700000
-155.916667	57.741167	8.800000	1.090000
-155.983833	57.803000	3.130000	0.990000
-155.916167	57.738000	3.000000	2.330000
-155.899500	57.749167	7.260000	2.330000
-155.936000	57.753167	5.500000	2.460000
-155.932833	57.740667	6.470000	1.410000
-155.948167	57.755667	7.840000	1.940000
-155.902000	57.746833	8.790000	1.180000
-155.940000	57.734833	10.600000	1.640000
-155.943833	57.763500	7.510000	0.980000
-155.908333	57.742333	5.260000	1.490000
-155.857833	57.712667	-3.150000	1.920000
-155.896167	57.751000	8.090000	1.510000
-155.895833	57.742167	8.760000	1.270000
-155.938667	57.756333	6.330000	2.220000
-155.910333	57.746167	8.260000	1.540000
-155.944500	57.739500	10.440000	1.710000
-155.969667	57.763333	6.980000	1.200000
-155.868000	57.715000	9.280000	1.250000
-155.876667	57.742333	2.780000	2.380000
-155.925667	57.725667	11.050000	1.890000
-155.892333	57.727333	7.670000	1.840000
-155.912667	57.750333	5.860000	1.790000
-155.917500	57.736000	2.120000	1.850000
-155.922333	57.738833	6.480000	1.540000
-155.868167	57.696167	6.240000	1.180000
-155.880833	57.729000	5.990000	1.690000
-155.927667	57.760833	6.970000	1.520000
-155.920333	57.753167	7.870000	2.630000
-155.938667	57.748000	6.920000	2.160000
-155.974833	57.785833	6.430000	2.550000
-155.937833	57.751500	9.210000	4.260000
-155.937500	57.751500	9.180000	2.150000
-155.925833	57.750500	8.270000	1.820000
-156.531833	57.614500	6.960000	1.270000
-156.525333	57.528000	5.780000	1.180000
-156.347833	57.503833	5.890000	2.030000
-156.133333	57.631833	9.030000	0.890000
-156.118333	57.637667	3.290000	1.610000
-156.167000	57.591500	2.600000	1.310000
-156.349333	57.733500	24.140000	1.300000
-156.348333	57.766000	17.650000	-0.240000
-156.517333	57.621833	12.830000	0.760000
-156.544000	57.629667	12.420000	0.890000
-156.525167	57.497167	2.630000	1.590000
-155.894667	57.567000	1.410000	1.540000
-156.487500	57.597833	8.380000	0.190000
-156.489333	57.590000	7.470000	1.340000
-155.808167	57.632000	-3.200000	1.940000
-156.533333	57.600833	11.880000	0.190000
-156.536833	57.595167	6.530000	0.370000
-156.518000	57.601333	8.460000	0.200000
-156.109000	57.693000	-1.740000	0.980000
-154.685669	56.410168	34.050000	3.230000
-155.877000	57.618333	9.330000	2.390000
-156.210500	57.653833	5.910000	2.080000
-155.817500	57.570833	10.260000	0.850000
-156.193000	57.623333	2.020000	1.420000
-156.815000	57.808833	14.360000	0.940000
-156.862000	57.827667	12.440000	1.220000
-156.853333	57.809333	14.840000	1.130000
-159.449667	56.205500	20.740000	0.250000
-159.462167	56.167333	14.760000	0.400000
-159.447500	56.250667	15.830000	0.280000
-158.842500	56.150333	3.910000	0.440000
-159.454667	56.207667	19.370000	0.410000
-159.404667	56.136000	14.570000	0.140000
-159.581333	56.101667	8.070000	0.480000
-159.460000	56.125500	12.310000	0.390000
-159.500667	56.157500	19.280000	0.140000
-159.439000	56.149833	15.110000	0.140000
-159.318833	56.197167	6.950000	-0.050000
-159.690500	55.930333	23.700000	1.520000
-159.675000	55.944000	28.120000	1.120000
-159.379000	56.158667	14.400000	0.300000
-159.536833	56.181000	9.500000	-0.330000
-159.449167	56.194833	24.750000	-0.140000
-159.614166	56.316334	71.870000	1.720000
-159.712833	56.001333	26.110000	0.060000
-159.741167	56.145833	23.670000	0.460000
-159.713833	55.959167	23.080000	0.370000
-159.726333	56.010333	24.370000	0.040000
-159.701833	55.979333	25.140000	0.110000
-159.404167	56.236500	4.880000	0.610000
-159.427500	56.302333	10.600000	0.830000
-159.338167	56.252667	3.360000	0.080000
-159.351000	56.250667	7.200000	0.530000
-159.446500	56.256500	1.630000	-0.020000
-159.472333	56.224333	6.120000	0.080000
-159.466667	56.188500	20.900000	0.210000
-159.487667	56.199500	22.320000	0.670000
-159.476167	56.197833	20.290000	0.230000
-159.014167	56.283167	10.280000	1.260000
-159.457000	56.183500	17.890000	-0.260000
-159.468167	56.193167	20.520000	0.450000
-159.381667	56.251833	8.240000	0.350000
-159.325000	56.252833	2.830000	0.610000
-159.722167	55.955500	27.160000	1.480000
-159.303500	56.269500	3.410000	0.340000
-159.474500	56.199833	22.410000	0.150000
-159.190667	56.282000	7.070000	0.540000
-159.462000	56.111667	1.450000	-0.240000
-159.718000	55.954667	23.460000	0.550000
-159.503000	56.253667	4.740000	0.120000
-159.493167	56.175000	20.280000	0.320000
-159.377333	56.220500	8.700000	0.330000
-159.389500	56.224167	4.880000	0.440000
-159.655667	55.967833	27.910000	1.530000
-159.857000	55.890000	1.440000	0.880000
-158.778167	56.212500	9.120000	0.680000
-158.775167	56.210167	8.320000	0.280000
-159.862333	55.896333	7.970000	0.590000
